===== synchronizedResults.txt RESULTS =====
1	100	27815.4
1	100	27595.9
1	100	29019.2
1	100	29325.5
1	100	28768.8
2	100	56830.0
2	100	56595.4
2	100	54898.0
2	100	59166.0
2	100	57306.0
4	100	119660
4	100	117482
4	100	109295
4	100	129374
4	100	123685
8	100	255350
8	100	263408
8	100	256710
8	100	263312
8	100	281870
16	100	768103
16	100	690196
16	100	914043
16	100	773039
16	100	707002
32	100	2.20422e+06
32	100	2.45497e+06
32	100	2.35493e+06
32	100	2.14820e+06
32	100	2.51442e+06
1	1000	4666.57
1	1000	4013.38
1	1000	4804.89
1	1000	4568.47
1	1000	4427.37
2	1000	8816.96
2	1000	9161.13
2	1000	9891.51
2	1000	9162.73
2	1000	9279.36
4	1000	18865.8
4	1000	18661.2
4	1000	19192.9
4	1000	17767.0
4	1000	16581.7
8	1000	34316.2
8	1000	39283.3
8	1000	39154.2
8	1000	45996.8
8	1000	32271.6
16	1000	94065.4
16	1000	78274.2
16	1000	85501.6
16	1000	89269.0
16	1000	104110
32	1000	276329
32	1000	241932
32	1000	261421
32	1000	252622
32	1000	214351
1	10000	756.126
1	10000	687.192
1	10000	712.611
1	10000	664.436
1	10000	874.502
2	10000	1551.28
2	10000	1516.07
2	10000	1442.80
2	10000	1658.23
2	10000	2057.88
4	10000	4823.96
4	10000	5157.06
4	10000	5147.37
4	10000	4785.05
4	10000	4541.64
8	10000	10025.1
8	10000	10148.4
8	10000	9597.04
8	10000	9224.60
8	10000	9430.11
16	10000	19252.8
16	10000	18773.7
16	10000	20825.2
16	10000	21563.4
16	10000	20741.4
32	10000	41248.0
32	10000	41415.2
32	10000	40564.5
32	10000	42051.8
32	10000	42291.1
1	100000	202.973
1	100000	205.042
1	100000	206.078
1	100000	213.588
1	100000	208.576
2	100000	1016.59
2	100000	456.697
2	100000	887.615
2	100000	875.252
2	100000	880.941
4	100000	2305.71
4	100000	2250.37
4	100000	2251.61
4	100000	2469.20
4	100000	2332.97
8	100000	4948.66
8	100000	4993.42
8	100000	4229.49
8	100000	4329.35
8	100000	4804.40
16	100000	8092.67
16	100000	9125.97
16	100000	8662.60
16	100000	9199.65
16	100000	9720.38
32	100000	16143.8
32	100000	14610.2
32	100000	15691.2
32	100000	17135.9
32	100000	15882.6
1	1000000	65.7870
1	1000000	61.3875
1	1000000	67.1593
1	1000000	59.9301
1	1000000	70.5549
2	1000000	238.101
2	1000000	455.448
2	1000000	462.366
2	1000000	449.168
2	1000000	437.633
4	1000000	1387.65
4	1000000	1254.87
4	1000000	1529.31
4	1000000	1338.44
4	1000000	1355.93
8	1000000	2863.18
8	1000000	3080.72
8	1000000	2866.76
8	1000000	3207.37
8	1000000	2823.74
16	1000000	4479.15
16	1000000	4649.53
16	1000000	4385.64
16	1000000	5059.55
16	1000000	4723.34
32	1000000	9200.53
32	1000000	9117.19
32	1000000	9528.65
32	1000000	7474.27
32	1000000	7743.44
===== unsynchronizedResults.txt RESULTS =====
1	100	30614.1
1	100	23262.9
1	100	25975.5
1	100	26478.9
1	100	28672.3
2	100	52757.3
2	100	52648.7
2	100	56793.2
2	100	54349.6
2	100	55011.1
4	100	136182
4	100	126939
4	100	142511
4	100	138168
4	100	129670
8	100	296742
8	100	298359
8	100	267133
8	100	248918
8	100	272749
16	100	820091
16	100	676738
16	100	817368
16	100	813451
16	100	971750
32	100	1.70224e+06
32	100	2.10335e+06
32	100	2.18592e+06
32	100	2.20016e+06
32	100	2.33155e+06
1	1000	4516.84
1	1000	4615.39
1	1000	4445.63
1	1000	4632.52
1	1000	4483.05
2	1000	8605.74
2	1000	8788.28
2	1000	8056.87
2	1000	8682.91
2	1000	8096.57
4	1000	17751.8
4	1000	19685.7
4	1000	19268.5
4	1000	17208.1
4	1000	15505.4
8	1000	36199.6
8	1000	29658.5
8	1000	40472.8
8	1000	35938.7
8	1000	34287.8
16	1000	80812.5
16	1000	91006.0
16	1000	96668.1
16	1000	71728.4
16	1000	81999.4
32	1000	273364
32	1000	241344
32	1000	300721
32	1000	221389
32	1000	240746
1	10000	843.342
1	10000	740.812
1	10000	682.899
1	10000	656.882
1	10000	831.714
2	10000	1429.10
2	10000	1556.96
2	10000	1951.63
2	10000	1793.19
2	10000	2093.01
4	10000	3660.46
4	10000	4398.81
4	10000	4039.63
4	10000	4125.74
4	10000	4431.13
8	10000	7908.60
8	10000	8225.10
8	10000	8415.12
8	10000	7900.89
8	10000	7557.58
16	10000	18416.6
16	10000	16765.0
16	10000	17246.5
16	10000	17758.5
32	10000	33857.0
32	10000	36435.2
32	10000	35334.2
32	10000	38295.2
32	10000	36330.9
1	100000	192.913
1	100000	199.485
1	100000	192.775
1	100000	221.321
1	100000	202.278
2	100000	685.194
2	100000	717.258
2	100000	678.470
2	100000	621.270
2	100000	714.976
4	100000	925.259
4	100000	1072.74
8	100000	1991.13
8	100000	1792.76
16	100000	3879.73
16	100000	3561.91
16	100000	3819.34
16	100000	3368.31
32	100000	9518.65
32	100000	7555.94
32	100000	7446.23
32	100000	8770.94
32	100000	7841.40
1	1000000	51.2786
1	1000000	45.8320
1	1000000	52.4221
1	1000000	47.9147
1	1000000	50.1424
2	1000000	260.059
8	1000000	1273.59
8	1000000	2236.50
16	1000000	4897.54
32	1000000	8966.24
===== getNSetResults.txt RESULTS =====
1	100	38948.8
1	100	34064.8
1	100	31875.1
1	100	34198.4
1	100	33919.4
2	100	67153.8
2	100	66392.7
2	100	67671.6
2	100	64515.7
2	100	68310.9
4	100	121282
4	100	137057
4	100	136204
4	100	168830
4	100	136633
8	100	352850
8	100	317809
8	100	225650
8	100	329181
8	100	290690
16	100	950089
16	100	996990
16	100	915737
16	100	773850
16	100	682209
32	100	2.85156e+06
32	100	2.71391e+06
32	100	2.45921e+06
32	100	2.49971e+06
32	100	2.59704e+06
1	1000	6357.91
1	1000	5608.89
1	1000	6061.42
1	1000	5890.60
1	1000	5719.14
2	1000	10045.8
2	1000	10821.3
2	1000	11407.0
2	1000	9306.35
2	1000	11300.1
4	1000	22931.1
4	1000	22359.3
4	1000	21314.0
4	1000	21493.8
4	1000	23254.4
8	1000	55815.6
8	1000	50396.3
8	1000	47361.2
8	1000	42616.6
8	1000	41247.6
16	1000	106159
16	1000	89552.4
16	1000	122448
16	1000	108224
16	1000	92977.1
32	1000	279545
32	1000	281230
32	1000	310081
32	1000	261111
32	1000	222641
1	10000	961.383
1	10000	906.923
1	10000	1065.61
1	10000	849.881
1	10000	903.553
2	10000	3064.31
2	10000	3226.34
2	10000	3261.61
2	10000	1863.26
2	10000	3058.82
4	10000	6503.17
4	10000	6688.13
4	10000	6265.46
4	10000	6343.38
4	10000	6387.41
8	10000	12138.5
8	10000	14997.0
8	10000	12752.6
8	10000	12012.0
8	10000	12358.8
16	10000	29166.8
16	10000	31920.5
16	10000	26159.2
16	10000	36894.1
16	10000	25547.5
32	10000	65686.3
32	10000	53887.9
32	10000	56588.0
32	10000	53000.5
32	10000	51585.4
1	100000	269.923
1	100000	255.870
1	100000	244.251
1	100000	246.309
1	100000	232.595
2	100000	556.333
2	100000	979.140
2	100000	1148.29
2	100000	1228.42
2	100000	1116.73
4	100000	2095.58
4	100000	1603.47
4	100000	2581.74
4	100000	1995.23
4	100000	2089.69
8	100000	3869.10
8	100000	3039.79
8	100000	3807.65
8	100000	3180.55
8	100000	2912.15
16	100000	7166.12
16	100000	6161.42
16	100000	5780.50
16	100000	8544.58
16	100000	7401.60
32	100000	17256.6
32	100000	14590.0
32	100000	18932.7
32	100000	17278.5
1	1000000	69.6205
1	1000000	68.4744
1	1000000	64.1587
1	1000000	64.5741
1	1000000	69.9568
16	1000000	3889.98
===== betterSafeResults.txt RESULTS =====
1	100	31761.9
1	100	30736.4
1	100	27117.9
1	100	31427.5
1	100	32191.4
2	100	66732.1
2	100	66253.2
2	100	59691.5
2	100	69219.4
2	100	59344.1
4	100	163447
4	100	185099
4	100	178763
4	100	170268
4	100	142378
8	100	393058
8	100	406153
8	100	363423
8	100	384547
8	100	387084
16	100	932999
16	100	1.06748e+06
16	100	1.03691e+06
16	100	1.00794e+06
16	100	1.07423e+06
32	100	2.42139e+06
32	100	2.82865e+06
32	100	3.49002e+06
32	100	2.81313e+06
32	100	2.83785e+06
1	1000	6039.17
1	1000	6034.39
1	1000	5531.55
1	1000	5548.97
1	1000	6023.35
2	1000	12923.4
2	1000	13484.0
2	1000	10656.5
2	1000	11118.6
2	1000	11856.3
4	1000	25646.3
4	1000	28524.1
4	1000	27511.4
4	1000	28184.3
4	1000	29922.1
8	1000	58709.8
8	1000	56870.5
8	1000	53621.4
8	1000	59229.8
8	1000	60067.0
16	1000	127979
16	1000	128192
16	1000	140153
16	1000	120626
16	1000	126110
32	1000	312087
32	1000	302131
32	1000	324329
32	1000	281374
32	1000	363961
1	10000	1058.28
1	10000	1022.83
1	10000	1184.47
1	10000	1014.74
1	10000	836.620
2	10000	3182.17
2	10000	3188.55
2	10000	2669.76
2	10000	3457.45
2	10000	2641.26
4	10000	5822.27
4	10000	6211.40
4	10000	6160.13
4	10000	6139.64
4	10000	6200.52
8	10000	10555.8
8	10000	12065.8
8	10000	13416.4
8	10000	13090.6
8	10000	12205.1
16	10000	27264.3
16	10000	26016.7
16	10000	29041.9
16	10000	25505.3
16	10000	25858.3
32	10000	57892.2
32	10000	55208.6
32	10000	53152.5
32	10000	50782.4
32	10000	57181.8
1	100000	231.442
1	100000	225.720
1	100000	226.814
1	100000	251.585
1	100000	267.402
2	100000	1260.54
2	100000	1340.13
2	100000	1217.51
2	100000	1312.93
2	100000	696.462
4	100000	2119.65
4	100000	2258.10
4	100000	2370.24
4	100000	2324.48
4	100000	1983.57
8	100000	4159.21
8	100000	4207.03
8	100000	4522.55
8	100000	4324.97
8	100000	4210.98
16	100000	8389.88
16	100000	7259.70
16	100000	8114.84
16	100000	7781.38
16	100000	8372.45
32	100000	16332.1
32	100000	15951.2
32	100000	17755.0
32	100000	16721.0
32	100000	17522.6
1	1000000	66.6247
1	1000000	69.8825
1	1000000	71.0462
1	1000000	70.4065
1	1000000	67.5154
2	1000000	632.860
2	1000000	661.041
2	1000000	662.722
2	1000000	595.523
2	1000000	582.911
4	1000000	677.004
4	1000000	692.034
4	1000000	667.937
4	1000000	694.053
4	1000000	669.713
8	1000000	1248.80
8	1000000	1348.41
8	1000000	1365.69
8	1000000	1390.90
8	1000000	1215.39
16	1000000	2884.07
16	1000000	3006.24
16	1000000	2714.90
16	1000000	2477.38
16	1000000	2728.08
32	1000000	6429.21
32	1000000	5753.98
32	1000000	6313.80
32	1000000	5654.24
32	1000000	5729.27
===== betterSorryResults.txt RESULTS =====
1	100	23173.1
1	100	27331.6
1	100	19939.8
1	100	28692.1
1	100	20118.2
2	100	47115.9
2	100	46963.1
2	100	43887.6
2	100	48292.3
2	100	45660.0
4	100	114656
4	100	115225
4	100	118017
4	100	122051
4	100	90084.8
8	100	300614
8	100	256663
8	100	222825
8	100	234169
8	100	277341
16	100	621827
16	100	619603
16	100	629309
16	100	602916
16	100	660599
32	100	1.94786e+06
32	100	1.87219e+06
32	100	1.66999e+06
32	100	2.28447e+06
32	100	1.73337e+06
1	1000	4556.35
1	1000	4490.37
1	1000	3093.74
1	1000	4414.12
1	1000	3662.73
2	1000	7736.84
2	1000	7771.72
2	1000	8697.30
2	1000	8349.81
2	1000	8722.08
4	1000	21659.0
4	1000	16885.6
4	1000	13481.3
4	1000	16267.7
4	1000	16275.1
8	1000	31773.9
8	1000	36480.3
8	1000	29604.4
8	1000	30904.4
8	1000	30199.2
16	1000	91357.8
16	1000	57072.2
16	1000	78845.8
16	1000	80644.5
16	1000	74767.1
32	1000	169549
32	1000	187205
32	1000	187061
32	1000	172680
32	1000	174288
1	10000	767.605
1	10000	776.629
1	10000	580.219
1	10000	731.589
1	10000	746.909
2	10000	1907.64
2	10000	2048.46
2	10000	1456.37
2	10000	1858.43
2	10000	2080.18
4	10000	4134.14
4	10000	4062.30
4	10000	4389.93
4	10000	3899.50
4	10000	4185.00
8	10000	9409.92
8	10000	6940.42
8	10000	7713.74
8	10000	7015.10
8	10000	6730.86
16	10000	19163.4
16	10000	18495.2
16	10000	24180.9
16	10000	30131.3
16	10000	18577.9
32	10000	36661.4
32	10000	37463.7
32	10000	34376.7
32	10000	29277.3
32	10000	39055.8
1	100000	219.219
1	100000	199.645
1	100000	239.552
1	100000	215.208
1	100000	239.356
2	100000	783.629
2	100000	857.577
2	100000	925.400
2	100000	409.482
2	100000	968.937
4	100000	1351.07
4	100000	1307.95
4	100000	1462.65
4	100000	1284.58
4	100000	1365.87
8	100000	1906.68
8	100000	2028.27
8	100000	2027.45
8	100000	1903.88
8	100000	2360.59
16	100000	4477.71
16	100000	3903.39
16	100000	4047.61
16	100000	4055.58
16	100000	6248.16
32	100000	8223.39
32	100000	10534.3
32	100000	8523.77
32	100000	8446.29
32	100000	8861.68
1	1000000	57.3832
1	1000000	60.1070
1	1000000	60.6274
1	1000000	61.6219
1	1000000	69.0529
2	1000000	338.903
2	1000000	329.621
2	1000000	330.156
2	1000000	285.083
2	1000000	285.995
4	1000000	702.068
4	1000000	718.957
4	1000000	737.187
4	1000000	757.348
4	1000000	704.535
8	1000000	1985.18
8	1000000	1348.41
8	1000000	1215.86
8	1000000	1833.04
8	1000000	1874.03
16	1000000	3606.18
16	1000000	3808.06
16	1000000	3907.65
16	1000000	3789.84
16	1000000	3540.65
32	1000000	11247.3
32	1000000	11573.4
32	1000000	9101.46
32	1000000	10437.0
32	1000000	11548.9
===== nullResults.txt RESULTS =====
1	100	29963.4
1	100	29128.5
1	100	30144.7
1	100	28427.7
1	100	26603.4
2	100	52043.6
2	100	54923.6
2	100	56823.0
2	100	52622.7
2	100	56199.6
4	100	126692
4	100	125337
4	100	113992
4	100	122902
4	100	120932
8	100	227817
8	100	271394
8	100	239714
8	100	268477
8	100	234350
16	100	759610
16	100	665988
16	100	782910
16	100	850924
16	100	758015
32	100	2.31571e+06
32	100	2.31666e+06
32	100	2.35783e+06
32	100	2.06010e+06
32	100	2.30812e+06
1	1000	4651.48
1	1000	4290.32
1	1000	4179.62
1	1000	4445.54
1	1000	4587.59
2	1000	8306.56
2	1000	8523.37
2	1000	8143.13
2	1000	8250.21
2	1000	7976.23
4	1000	19363.4
4	1000	16806.2
4	1000	19459.4
4	1000	19698.9
4	1000	17338.2
8	1000	34791.8
8	1000	39383.7
8	1000	35884.2
8	1000	28548.3
8	1000	35772.7
16	1000	79548.4
16	1000	70887.9
16	1000	84397.1
16	1000	81099.5
16	1000	81442.1
32	1000	204732
32	1000	259138
32	1000	244517
32	1000	227870
32	1000	279073
1	10000	683.306
1	10000	770.762
1	10000	898.523
1	10000	653.664
1	10000	743.187
2	10000	1793.55
2	10000	1528.56
2	10000	1719.58
2	10000	1364.99
2	10000	2014.15
4	10000	3156.27
4	10000	4005.00
4	10000	3909.72
4	10000	3873.45
4	10000	3956.66
8	10000	8210.92
8	10000	7177.68
8	10000	7660.63
8	10000	7384.69
8	10000	6489.71
16	10000	19608.0
16	10000	15990.4
16	10000	15784.1
16	10000	14352.2
16	10000	15885.0
32	10000	38677.0
32	10000	36873.6
32	10000	37097.0
32	10000	35693.1
32	10000	35405.8
1	100000	204.972
1	100000	205.865
1	100000	205.069
1	100000	184.148
1	100000	239.362
2	100000	580.134
2	100000	580.095
2	100000	498.807
2	100000	485.769
2	100000	494.510
4	100000	756.502
4	100000	1043.01
4	100000	714.681
4	100000	1471.37
4	100000	1200.65
8	100000	1210.10
8	100000	1349.73
8	100000	1451.42
8	100000	1409.74
8	100000	1144.62
16	100000	2676.08
16	100000	2722.19
16	100000	2981.42
16	100000	2844.05
16	100000	2425.82
32	100000	9377.00
32	100000	7979.16
32	100000	6873.39
32	100000	8764.73
32	100000	6065.86
1	1000000	39.0497
1	1000000	42.3585
1	1000000	44.6623
1	1000000	39.5054
1	1000000	45.3364
2	1000000	125.073
2	1000000	118.054
2	1000000	84.5465
2	1000000	102.231
2	1000000	109.159
4	1000000	471.487
4	1000000	290.037
4	1000000	285.275
4	1000000	309.608
4	1000000	350.525
8	1000000	2224.29
8	1000000	1297.45
8	1000000	1136.43
8	1000000	2273.55
8	1000000	1982.15
16	1000000	3009.12
16	1000000	5066.38
16	1000000	5170.95
16	1000000	3051.11
16	1000000	2858.71
32	1000000	6763.23
32	1000000	7730.39
32	1000000	8906.80
32	1000000	6602.29
32	1000000	6284.95
